000001 7441 086789  7976333333 000000002000000 191205 00191200000034          สมประสงค์ ศิริพจนากุล                             
000002 7441 086789  7976333333 000000019360000 191205 00191200000035          สมประสงค์ ศิริพจนากุล                             
000003 7441 086789  7976333333 000000019360000 191205 00191200000036          สมประสงค์ ศิริพจนากุล                             
000004 7441 086789  7976333333 000000019360000 191205 00191200000037          สมประสงค์ ศิริพจนากุล                             
000005 7441 086789  7976333333 000000019360000 191205 00191200000038          สมประสงค์ ศิริพจนากุล                             
000006 7441 086789  7976333333 000000019360000 191205 00191200000039          สมประสงค์ ศิริพจนากุล                             
000007 7441 086789  7976333333 000000019360000 191205 00191200000040          สมประสงค์ ศิริพจนากุล                             
000008 7441 086789  7976333333 000000019360000 191205 00191200000041          สมประสงค์ ศิริพจนากุล                             
000009 7441 086789  7976333333 000000019360000 191205 00191200000042          สมประสงค์ ศิริพจนากุล                             
000010 7441 086789  7976333333 000000002000000 191205 00191200000043          สมประสงค์ ศิริพจนากุล                             
000011 7441 086789  7976333333 000000019360000 191205 00191200000044          สมประสงค์ ศิริพจนากุล                             
000012 7441 086789  7976333333 000000019360000 191205 00191200000045          สมประสงค์ ศิริพจนากุล                             
000013 7441 086789  7976333333 000000019360000 191205 00191200000046          สมประสงค์ ศิริพจนากุล                             
000014 7441 086789  7976333333 000000019360000 191205 00191200000047          สมประสงค์ ศิริพจนากุล                             
000015 7441 086789  7976333333 000000019360000 191205 00191200000048          สมประสงค์ ศิริพจนากุล                             
000016 7441 086789  7976333333 000000019360000 191205 00191200000049          สมประสงค์ ศิริพจนากุล                             
000017 7441 086789  7976333333 000000019360000 191205 00191200000050          สมประสงค์ ศิริพจนากุล                             
000018 7441 086789  7976333333 000000019360000 191205 00191200000051          สมประสงค์ ศิริพจนากุล                             
000019 7441 086789  7976333333 000000019360000 191205 00191200000052          สมประสงค์ ศิริพจนากุล                             
000020 9100 086789  0000000000 000000333120000 000000                                                                           
